m00097,27248070,27248319,0
m00006,42659208,42659457,0
m00043,13709534,13709783,0
mSu,2241977,2242226,1
m00028,7142791,7143046,1
m00028,5336390,5336645,1
m00047,75309953,75310202,0
m00056,4634127,4634376,0
m00006,107870686,107870935,0
m00100,10877112,10877361,0
m00017,68977164,68977419,0
m00032,47736032,47736281,0
m00071,1145874,1146123,1
m00004,84399896,84400151,0
m00055,42358509,42358758,1
m00068,36271591,36271840,1
m00075,35161445,35161694,0
m00061,45583770,45584019,0
m00037,5066560,5066809,0
m00075,41218137,41218386,0
m00055,59680670,59680919,1
m00017,10683188,10683443,0
m00049,108953381,108953630,0
m00097,110696496,110696745,0
m00071,5685478,5685727,1
m00005,10817487,10817742,0
m00079,113670218,113670467,1
m00060,25242036,25242285,0
m00068,5660549,5660798,1
m00018,69788974,69789229,0
m00032,106165995,106166244,0
m00071,64580223,64580472,1
m00071,26004769,26005018,1
m00071,107480312,107480561,1
m00096,10683120,10683369,0
m00035,50927539,50927788,0
m00060,114266687,114266936,0
m00079,44317652,44317901,1
m00023,13115146,13115395,0
m00075,25112828,25113077,0
m00037,45380353,45380602,0
m00024,77154849,77155098,0
m00045,21543647,21543896,0
m00075,12284656,12284905,0
m00028,27323318,27323573,1
m00048,5393668,5393917,1
m00038,14717220,14717469,0
m00017,65520809,65521064,0
m00028,69469003,69469258,1
m00124,16010448,16010703,0
m00061,62077679,62077928,0
m00039,71902689,71902938,0
m00017,77993797,77994052,0
m00022,30299911,30300166,0
m00079,58776372,58776621,1
m00073,26612730,26612979,1
m00027,4292420,4292675,0
m00060,82090149,82090398,0
m00043,82229487,82229736,0
m00005,38586841,38587096,0
m00075,85031380,85031629,0
m00018,14177518,14177773,0
m00006,1086591,1086840,0
m00039,71910930,71911179,0
m00068,27243452,27243701,1
m00017,52769719,52769974,1
m00018,14629743,14629998,0
m00017,11864141,11864396,0
m00021,18609271,18609526,0
m00030,25735354,25735603,0
m00024,30173483,30173732,1
m00097,97432212,97432461,0
m00049,41413500,41413749,0
m00024,9297413,9297662,1
m00100,14400914,14401163,0
m00052,46044404,46044653,1
m00021,59025415,59025670,0
mSu,1151205,1151454,1
m00026,17441909,17442158,1
m00005,83583530,83583785,0
m00037,80831107,80831356,0
m00037,51046252,51046501,0
m00021,36159786,36160041,0
m00021,71884216,71884471,0
m00096,43451960,43452209,0
m00060,56212459,56212708,0
m00048,49059572,49059821,1
m00055,26997643,26997892,1
m00028,52095450,52095705,0
m00038,50474735,50474984,0
m00052,109082194,109082443,1
m00039,47097194,47097443,0
m00018,2662660,2662915,0
m00028,36548438,36548693,0
m00058,149942644,149942893,0
m00107,76990615,76990864,0
m00025,97655331,97655586,1
m00073,49772475,49772724,1
m00071,11730330,11730579,1
m00060,88529409,88529658,0
m00024,11842027,11842276,1
m00083,20134499,20134754,1
m00021,63149060,63149315,0
m00097,71569937,71570186,0
m00061,12577891,12578140,0
m00122,75333993,75334242,1
m00060,6988369,6988618,0
m00083,86122815,86123070,1
m00018,57189772,57190027,1
m00030,44442140,44442389,0
m00037,34139160,34139409,0
m00022,29071467,29071722,0
m00003,115349064,115349319,0
m00058,146131597,146131846,1
m00021,87338161,87338416,0
m00079,69599592,69599841,1
m00039,28258846,28259095,0
m00073,15367739,15367988,0
m00005,93752918,93753173,1
m00059,66080120,66080369,0
m00058,65661535,65661784,0
m00037,67121850,67122099,0
m00030,66245023,66245272,0
m00079,102732025,102732274,0
m00047,62871236,62871485,0
m00122,61835271,61835520,1
m00005,105900012,105900267,0
m00056,18301198,18301447,0
mSu,1513801,1514050,1
m00058,94796667,94796916,1
m00037,11694938,11695187,1
m00003,52589402,52589657,0
m00022,82614898,82615153,0
m00035,116083783,116084032,0
m00071,63233703,63233952,1
m00022,108978482,108978737,0
m00026,40639675,40639924,0
m00024,44899160,44899409,1
m00006,88839915,88840164,0
m00022,5129362,5129617,1
m00068,17819023,17819272,1
m00059,35467077,35467326,0
m00056,1117049,1117298,0
m00100,16313020,16313269,0
m00071,90041159,90041408,1
m00035,85147085,85147334,0
m00052,77866581,77866830,1
m00027,28654749,28655004,0
m00043,30704217,30704466,0
m00079,118864966,118865215,1
m00003,66894545,66894800,0
m00006,111319623,111319872,0
mSu,452956,453205,0
m00107,3057635,3057884,0
m00060,149771706,149771955,0
m00048,52179324,52179573,1
m00097,86724360,86724609,0
m00019,16466728,16466977,0
m00022,4761556,4761811,1
m00017,51489871,51490126,0
m00107,59599713,59599962,0
m00038,138162186,138162435,0
m00122,94242329,94242578,1
mSu,5175285,5175534,1
m00032,107557549,107557798,0
m00025,37777897,37778152,1
m00060,100871711,100871960,0
m00038,84586113,84586362,0
m00073,39214424,39214673,1
m00049,131034657,131034906,0
m00047,8170071,8170320,0
m00068,51087491,51087740,1
m00033,97544385,97544640,1
m00033,89036498,89036753,1
m00043,55744461,55744710,1
m00024,15103432,15103681,1
m00030,59052875,59053124,0
m00075,84708396,84708645,0
m00001,109382595,109382844,1
m00100,15709815,15710064,0
m00004,47789297,47789552,0
m00061,59736916,59737165,1
m00024,32338417,32338666,1
m00059,44117012,44117261,0
m00056,12187257,12187506,0
m00022,94438008,94438263,0
m00073,62797780,62798029,1
m00017,15221877,15222132,0
m00017,40908920,40909175,1
m00023,135562536,135562785,1
m00017,3690221,3690476,1
m00049,173455254,173455503,0
m00030,14557292,14557541,0
m00032,34124297,34124546,0
m00047,89645065,89645314,0
m00056,5234150,5234399,0
m00037,4493004,4493253,0
m00047,42700562,42700811,0
mSu,5477369,5477618,1
m00045,126896979,126897228,0
m00019,29485043,29485292,0
m00107,154269377,154269626,0
m00068,31711674,31711923,1
m00032,151991576,151991825,0
m00018,79577434,79577689,0
m00058,130547054,130547303,0
m00037,61667766,61668015,0
m00084,32045332,32045581,0
m00049,219852322,219852571,0
m00049,74193696,74193945,0
m00056,18587903,18588152,0
m00073,27815199,27815448,1
m00045,98564804,98565053,0
m00124,12133688,12133943,0
m00084,73445589,73445838,1
m00122,4447340,4447589,1
m00033,66551319,66551574,1
m00027,26551985,26552240,0
m00061,51143967,51144216,0
m00053,93873590,93873839,0
m00004,44074113,44074368,0
m00043,32482943,32483192,0
m00068,43909162,43909411,1
m00027,84251894,84252149,0
m00019,63256250,63256499,0
m00019,44469007,44469256,0
m00035,111283489,111283738,0
m00047,48424498,48424747,0
m00096,43744921,43745170,0
m00043,129915926,129916175,0
m00004,122945366,122945621,0
m00022,75938315,75938570,0
m00053,95959365,95959614,0
m00033,62295576,62295831,1
m00083,2216671,2216926,1
m00006,135289235,135289484,0
m00058,36233687,36233936,1
m00037,10036403,10036652,0
m00026,11334453,11334702,1
m00032,24720718,24720967,0
m00033,12219387,12219642,0
m00096,11679513,11679762,0
m00107,67092779,67093028,0
m00004,43263973,43264228,0
m00071,88000243,88000492,1
m00049,154084056,154084305,0
m00097,7592605,7592854,0
m00028,5318007,5318262,1
m00023,108972698,108972947,0
m00068,45017743,45017992,1
m00053,10048074,10048323,0
m00100,16309218,16309467,0
m00027,62656241,62656496,0
mSu,4830139,4830388,0
m00084,43055953,43056202,0
m00044,80298166,80298415,0
m00026,32923119,32923368,1
m00047,63973854,63974103,1
m00030,11283257,11283506,0
m00044,51907200,51907449,0
m00075,95270509,95270758,0
m00059,12335744,12335993,0
m00003,69913687,69913942,0
m00028,108128933,108129188,1
mSu,1935162,1935411,1
m00079,108017341,108017590,1
m00055,71174697,71174946,1
m00122,76486372,76486621,1
m00068,29579359,29579608,1
m00003,55763669,55763924,0
m00058,81668053,81668302,0
m00035,129267083,129267332,0
m00084,84378012,84378261,1
m00035,81823533,81823782,0
m00096,115634078,115634327,0
m00059,19105439,19105688,0
m00059,6658132,6658381,0
m00038,93610169,93610418,0
m00107,136355020,136355269,1
m00045,107361621,107361870,0
m00038,136398814,136399063,0
mSu,5831905,5832154,1
m00037,37399908,37400157,0
m00025,100279194,100279449,1
m00096,113182700,113182949,0
m00052,87975805,87976054,1
m00019,68018254,68018503,0
m00043,27732455,27732704,0
m00097,105656808,105657057,1
m00096,35298029,35298278,0
m00060,126943796,126944045,0
m00018,44366847,44367102,0
m00027,82594532,82594787,0
m00027,103284527,103284782,0
m00083,44870149,44870404,1
m00045,98573594,98573843,0
m00084,60582405,60582654,1
m00052,47897297,47897546,1
m00043,96243707,96243956,0
m00096,89293629,89293878,0
m00001,87533022,87533271,1
m00039,48025651,48025900,0
m00018,88737297,88737552,0
m00030,20026153,20026402,0
m00032,61005421,61005670,0
m00049,126173319,126173568,0
m00037,32744138,32744387,0
m00047,65034201,65034450,0
m00122,100607825,100608074,1
m00037,68415611,68415860,0
m00018,6587387,6587642,0
m00006,22747901,22748150,0
m00030,24539672,24539921,0
m00001,70037554,70037803,1
m00006,20335335,20335584,0
m00056,44289298,44289547,0
m00124,21131836,21132091,0
mSu,3736157,3736406,1
m00047,32707306,32707555,0
m00039,53947372,53947621,0
m00005,108464469,108464724,1
m00005,53293971,53294226,0
m00083,45388772,45389027,1
m00055,65911182,65911431,1
m00097,129005950,129006199,1
m00022,29435206,29435461,0
m00097,82211016,82211265,0
m00047,60611082,60611331,0
m00083,61190108,61190363,1
m00023,68681862,68682111,0
m00039,105967368,105967617,0
m00056,35840575,35840824,0
m00068,17791204,17791453,1
m00047,55061042,55061291,0
m00021,53294482,53294737,0
m00061,34921264,34921513,0
m00084,72681886,72682135,1
m00033,45617633,45617888,0
m00037,63784040,63784289,0
m00071,47647994,47648243,1
m00061,77399395,77399644,1
m00075,86147179,86147428,1
m00017,32570333,32570588,1
m00053,65295922,65296171,0
m00004,28898495,28898750,1
m00084,1555921,1556170,0
m00095,7773460,7773709,0
m00059,46216044,46216293,0
m00024,68702636,68702885,1
m00018,73105437,73105692,0
m00055,4507971,4508220,1
m00004,19271429,19271684,1
m00003,54345613,54345868,0
m00084,61353593,61353842,1
m00048,50912752,50913001,1
m00017,75846560,75846815,0
m00017,43183559,43183814,1
m00019,42288835,42289084,0
m00001,99454976,99455225,1
m00095,91275918,91276167,0
mSu,3409531,3409780,1
m00027,11612364,11612619,0
m00047,57920825,57921074,0
m00073,5576304,5576553,0
m00059,47765220,47765469,0
m00021,88993746,88994001,0
m00053,62631521,62631770,0
m00043,113219298,113219547,0
m00048,32644218,32644467,1
m00025,74008842,74009097,1
m00096,50388680,50388929,0
m00017,37073611,37073866,1
m00028,46201589,46201844,1
m00084,40111322,40111571,0
m00037,29645114,29645363,0
m00019,19666707,19666956,1
m00006,59595220,59595469,0
m00026,13079806,13080055,1
m00039,13077069,13077318,0
m00045,100219580,100219829,0
m00025,100361903,100362158,1
m00005,48125607,48125862,0
m00001,28627381,28627630,1
m00001,24541572,24541821,1
m00019,20267398,20267647,1
m00022,15783429,15783684,1
m00055,72546706,72546955,1
m00107,37191377,37191626,0
m00045,53346126,53346375,0
m00048,15611341,15611590,1
m00005,53311335,53311590,1
m00022,2973003,2973258,1
m00122,59973466,59973715,1
m00124,28223349,28223604,0
m00001,88215629,88215878,1
m00061,52827170,52827419,0
m00049,48974809,48975058,0
m00075,27842088,27842337,0
m00035,122893573,122893822,0
m00095,40065754,40066003,0
m00030,49499517,49499766,0
m00100,18524565,18524814,0
m00053,47271786,47272035,0
m00095,44044427,44044676,0
m00100,677297,677546,0
m00048,42227547,42227796,1
m00022,38308183,38308438,0
m00022,36645639,36645894,0
m00038,76996707,76996956,0
m00004,69845121,69845376,0
m00027,27833367,27833622,0
m00025,19708487,19708742,1
m00122,130317412,130317661,1
m00083,83780931,83781186,1
m00022,41021623,41021878,0
m00022,137692,137947,1
m00030,56898740,56898989,0
m00056,27989837,27990086,0
m00039,31529085,31529334,0
m00047,75321851,75322100,0
m00073,38711954,38712203,1
m00071,71484404,71484653,1
m00018,54940845,54941100,0
m00033,9255633,9255888,0
m00019,14982586,14982835,0
m00059,39868801,39869050,0
m00061,21027875,21028124,0
m00001,69048827,69049076,1
m00027,109050429,109050684,0
m00100,8002388,8002637,0
m00003,83849707,83849962,0
m00084,96542759,96543008,1
m00004,56904693,56904948,1
m00053,97597545,97597794,0
m00068,33337530,33337779,1
m00068,19173418,19173667,1
m00053,16505929,16506178,1
m00004,123805492,123805747,1
m00027,68569631,68569886,0
m00124,6878179,6878434,0
m00023,51696919,51697168,0
m00107,65688394,65688643,0
m00027,17512559,17512814,0
m00037,30818994,30819243,0
m00018,47386389,47386644,0
m00006,85302338,85302587,0
m00001,74364390,74364639,1
m00079,28372053,28372302,1
m00043,76768929,76769178,1
m00005,60637415,60637670,1
m00058,34671170,34671419,0
m00084,96500584,96500833,1
m00095,50376317,50376566,0
m00027,86045856,86046111,0
m00025,122384964,122385219,1
m00056,30937835,30938084,0
m00021,8567805,8568060,0
m00026,37738299,37738548,1
m00100,14256626,14256875,0
m00068,11790583,11790832,1
m00052,119083643,119083892,1
m00037,81291994,81292243,0
m00006,44543096,44543345,0
m00047,5995513,5995762,0
m00068,28543304,28543553,1
m00048,48915716,48915965,1
m00095,78553478,78553727,0
m00030,36777757,36778006,0
m00073,7383909,7384158,1
m00017,22543379,22543634,0
m00048,57323798,57324047,1
m00061,25537684,25537933,0
m00028,97878853,97879108,0
m00100,13026811,13027060,0
m00026,3898411,3898660,1
m00084,58106900,58107149,1
m00122,8501180,8501429,0
m00053,40525515,40525764,0
m00084,18980279,18980528,0
m00043,53045694,53045943,0
m00083,77868910,77869165,0
m00023,48135072,48135321,0
m00018,73137750,73138005,0
m00052,24940268,24940517,1
m00019,35992170,35992419,0
m00100,11252083,11252332,0
m00003,6727635,6727890,1
m00079,54409385,54409634,1
m00035,108922576,108922825,0
m00033,53464955,53465210,1
m00068,44693501,44693750,1
m00032,105566171,105566420,0
m00124,2813342,2813597,0
m00053,58829628,58829877,0
m00030,21457983,21458232,0
m00073,66879328,66879577,1
m00022,88917560,88917815,0
m00023,150159441,150159690,1
m00079,51136983,51137232,1
m00068,25558501,25558750,1
m00083,41014268,41014523,1
m00005,72208091,72208346,0
m00100,3949325,3949574,0
m00039,82176419,82176668,0
m00004,119579947,119580202,0
m00073,37553746,37553995,1
m00022,56681847,56682102,0
m00047,98336692,98336941,0
m00095,95813927,95814176,0
m00060,77109549,77109798,0
m00107,80622155,80622404,0
m00025,50661644,50661899,1
m00061,45738466,45738715,0
m00073,66897141,66897390,1
m00124,19807700,19807955,0
m00124,4281369,4281624,0
m00004,38459148,38459403,1
m00053,75470678,75470927,0
m00097,74894038,74894287,0
m00039,59526275,59526524,0
m00068,856386,856635,1
m00079,17179138,17179387,1
m00044,36781335,36781584,0
m00035,91283321,91283570,0
m00021,26435109,26435364,0
m00023,29518380,29518629,0
m00030,71596159,71596408,0
m00044,57851649,57851898,0
m00022,110292169,110292424,0
m00038,118531487,118531736,0
m00055,30322745,30322994,1
m00096,97220907,97221156,0
m00044,116566745,116566994,0
m00097,59471874,59472123,0
m00032,96883665,96883914,0
m00097,97271941,97272190,0
m00035,101379092,101379341,0
m00122,75602663,75602912,1
m00049,69856988,69857237,0
m00005,22235492,22235747,0
m00006,64326670,64326919,0
m00001,118698097,118698346,1
m00058,223601,223850,0
m00003,26034855,26035110,0
m00043,17160779,17161028,1
m00001,94317766,94318015,1
m00033,78381130,78381385,1
m00039,47886850,47887099,0
m00004,6272822,6273077,1
m00006,82444762,82445011,0
m00025,107558973,107559228,1
m00095,95934216,95934465,0
m00045,31256749,31256998,0
m00024,64516736,64516985,1
m00073,23357610,23357859,1
m00043,86202525,86202774,0
m00100,3293370,3293619,0
m00068,29629646,29629895,1
m00039,96993650,96993899,0
m00037,14720438,14720687,0
m00056,32161276,32161525,0
m00032,130385222,130385471,0
mSu,6620196,6620445,1
m00018,25297130,25297385,0
m00003,75856921,75857176,0
m00017,34034434,34034689,1
m00096,67898448,67898697,0
m00035,28739934,28740183,0
m00039,104886200,104886449,0
m00018,51277326,51277581,0
m00095,4321014,4321263,0
m00060,187083392,187083641,1
m00027,15418935,15419190,0
m00060,173796175,173796424,1
m00055,72460147,72460396,1
m00023,114156544,114156793,1
m00033,42043650,42043905,0
m00021,77657528,77657783,0
m00056,38065514,38065763,0
m00079,8104182,8104431,1
m00122,69302312,69302561,1
m00073,49890545,49890794,1
m00084,15553417,15553666,1
m00043,83340951,83341200,0
m00107,140413636,140413885,1
m00097,80708681,80708930,0
m00053,121517430,121517679,1
m00003,110571750,110572005,0
m00038,5107745,5107994,0
m00071,17146188,17146437,1
m00019,45810855,45811104,0
m00026,14248913,14249162,1
m00037,33422009,33422258,0
m00037,50152277,50152526,0
m00021,17835852,17836107,0
m00006,44854702,44854951,0
m00075,28585600,28585849,0
m00071,76720379,76720628,1
m00083,95252281,95252536,1
m00028,35610205,35610460,0
m00048,19172531,19172780,1
m00084,80523238,80523487,1
m00049,59046501,59046750,0
m00060,44651894,44652143,0
m00043,51853158,51853407,0
m00049,222675787,222676036,0
m00073,65887386,65887635,0
m00025,67570432,67570687,1
m00004,95640898,95641153,0
m00055,69013124,69013373,1
mSu,6272753,6273002,1
m00038,49177,49426,0
m00049,46644536,46644785,0
m00024,39159273,39159522,1
m00006,103747814,103748063,0
m00071,60163420,60163669,1
m00032,135153997,135154246,0
m00049,215005455,215005704,0
m00097,49394514,49394763,0
m00049,77844256,77844505,0
m00056,41058057,41058306,0
m00071,13902484,13902733,1
m00083,2894608,2894863,1
m00038,102659858,102660107,0
m00075,44844573,44844822,0
m00071,98806305,98806554,1
m00025,16568506,16568761,1
m00024,42068745,42068994,1
m00027,106890473,106890728,0
m00004,74891304,74891559,0
m00021,79497494,79497749,0
m00021,47619092,47619347,0
mSu,2399286,2399535,0
m00004,26999667,26999922,0
m00037,27442627,27442876,0
m00024,112511719,112511968,1
m00060,183859250,183859499,1
m00039,103146575,103146824,0
m00001,79170068,79170317,1
m00079,28084540,28084789,1
m00107,128336847,128337096,1
m00083,65972853,65973108,1
m00079,39663446,39663695,1
m00024,37546359,37546608,1
m00053,117962340,117962589,1
m00028,46335974,46336229,1
m00095,61201999,61202248,0
mSu,1375666,1375915,1
m00084,67164117,67164366,1
m00025,60824056,60824311,1
m00037,49299961,49300210,0
m00083,96760323,96760578,0
m00033,43192971,43193226,0
m00052,102953375,102953624,1
m00071,83925422,83925671,1
m00037,35307738,35307987,0
m00122,79803016,79803265,1
m00095,27512967,27513216,0
m00056,30324503,30324752,0
m00124,3181115,3181370,0
m00047,51588992,51589241,0
m00006,125555514,125555763,0
m00096,54378893,54379142,0
m00075,18127905,18128154,0
m00056,13433393,13433642,0
m00043,113799357,113799606,0
m00023,45978373,45978622,0
m00045,47926806,47927055,0
m00079,119031711,119031960,1
m00021,22461820,22462075,1
m00061,30746485,30746734,0
m00124,35992825,35993080,0
m00058,134769338,134769587,1
m00037,51972197,51972446,0
mSu,3776207,3776456,1
m00107,121120318,121120567,1
m00045,90660896,90661145,0
m00097,27536053,27536302,0
m00037,81599252,81599501,0
m00037,54186606,54186855,0
m00097,137910523,137910772,1
m00058,16992053,16992302,0
m00003,77187961,77188216,0
m00052,141315192,141315441,1
m00071,73364857,73365106,1
m00048,15317948,15318197,1
m00124,19997852,19998107,0
m00003,86956407,86956662,0
m00048,3480177,3480426,1
m00097,45750482,45750731,0
m00024,13696517,13696766,1
m00030,18578881,18579130,0
m00058,10367818,10368067,0
m00027,32479908,32480163,0
m00096,55040444,55040693,0
m00073,40542502,40542751,1
m00075,13911472,13911721,0
m00124,31413530,31413785,0
m00004,58911057,58911312,1
m00030,51253708,51253957,0
m00024,69696501,69696750,1
m00055,48298371,48298620,1
m00043,4777465,4777714,0
m00047,40327735,40327984,0
m00017,38412503,38412758,1
m00043,74312581,74312830,0
m00079,84480802,84481051,1
m00096,6466291,6466540,0
m00024,55244732,55244981,1
m00122,110036442,110036691,1
m00043,44958026,44958275,0
m00005,90524432,90524687,0
m00047,19774841,19775090,0
m00039,18504851,18505100,0
m00073,24754265,24754514,1
m00107,2888655,2888904,1
m00084,62267911,62268160,1
m00049,146064518,146064767,0
m00068,4846942,4847191,1
m00096,1780289,1780538,0
m00028,20709788,20710043,1
m00107,11465162,11465411,0
m00053,90563694,90563943,0
m00058,135478063,135478312,1
m00004,103219999,103220254,0
m00048,40922341,40922590,1
m00024,65297014,65297263,1
m00061,78318225,78318474,1
m00043,11515607,11515856,0
m00004,79539336,79539591,0
m00079,83316550,83316799,1
m00032,153743529,153743778,0
m00048,56213590,56213839,1
m00005,25296260,25296515,0
m00075,111617888,111618137,0
m00075,36084135,36084384,0
m00019,64102027,64102276,0
m00075,33068090,33068339,0
m00024,38584408,38584657,1
m00084,81704533,81704782,1
m00052,84003817,84004066,1
m00027,80573559,80573814,0
m00079,53229818,53230067,1
m00043,62787425,62787674,0
m00027,77835519,77835774,0
m00097,125876717,125876966,1
m00071,28848948,28849197,1
m00060,25193824,25194073,0
m00018,20794627,20794882,0
m00019,44229679,44229928,0
m00005,100472367,100472622,0
m00068,47482369,47482618,1
m00045,92909799,92910048,1
m00097,74613497,74613746,0
m00027,112476386,112476641,0
m00003,40742411,40742666,0
m00124,13513584,13513839,0
m00030,9834647,9834896,0
m00100,2761684,2761933,0
m00032,145732318,145732567,0
m00045,87292486,87292735,0
m00053,99248618,99248867,0
m00003,65922798,65923053,0
m00003,103294073,103294328,0
m00032,137488555,137488804,0
m00025,74337095,74337350,1
m00107,8036243,8036492,1
m00004,2606598,2606853,1
m00060,114397950,114398199,0
m00017,66507865,66508120,1
m00056,3619947,3620196,0
m00005,16618542,16618797,0
m00079,11138840,11139089,1
m00025,31148380,31148635,1
m00017,71695402,71695657,1
m00061,60083211,60083460,0
m00058,80895202,80895451,0
m00030,53821276,53821525,0
m00018,16101714,16101969,0
m00003,120421169,120421424,0
m00124,4586188,4586443,0
m00044,94043058,94043307,0
m00028,86849728,86849983,1
m00052,62844576,62844825,1
m00026,33130474,33130723,0
m00097,100926533,100926782,0
m00038,131701023,131701272,1
m00026,23435559,23435808,0
m00122,37292339,37292588,1
m00053,28897479,28897728,0
m00058,125097138,125097387,0
m00047,64369718,64369967,1
m00079,28131819,28132068,1
m00055,9055757,9056006,1
m00047,82867747,82867996,0
m00100,10152885,10153134,0
m00027,75201533,75201788,0
m00100,10389476,10389725,0
m00124,7303896,7304151,0
m00017,24837870,24838125,1
m00037,34604836,34605085,0
m00030,56429175,56429424,0
m00006,55805175,55805424,0
m00028,35279580,35279835,0
m00017,49600874,49601129,0
m00027,17889936,17890191,0
m00001,36789150,36789399,1
m00049,195551330,195551579,0
m00004,114322945,114323200,1
m00018,90811945,90812200,1
m00079,110641316,110641565,1
m00019,38158264,38158513,0
m00038,24363425,24363674,1
m00052,89055505,89055754,1
m00024,62490900,62491149,1
mSu,3306851,3307100,1
m00061,33690239,33690488,0
m00003,36569823,36570078,0
m00079,41768147,41768396,1
m00006,70935219,70935468,0
m00035,102003062,102003311,0
m00048,47415156,47415405,1
m00083,21798186,21798441,0
m00018,89425111,89425366,0
m00058,2527047,2527296,0
m00097,71406013,71406262,0
m00049,136170184,136170433,0
m00073,57480185,57480434,1
m00035,11677532,11677781,0
m00071,36764032,36764281,1
m00084,36940769,36941018,0
m00084,17542559,17542808,1
m00018,95839158,95839413,1
m00004,86775977,86776232,1
m00071,48411466,48411715,1
m00035,135132560,135132809,0
m00037,36202890,36203139,0
m00021,30915299,30915554,0
m00030,72747972,72748221,0
m00025,39717403,39717658,1
m00038,99375970,99376219,0
m00019,65871905,65872154,0
m00006,64083601,64083850,0
m00003,94060289,94060544,0
m00061,17566436,17566685,0
m00060,106498754,106499003,0
m00095,55609559,55609808,0
m00097,58125060,58125309,0
m00033,49110086,49110341,0
m00039,77061616,77061865,0
m00037,14956054,14956303,0
m00095,58161739,58161988,0
m00035,30581199,30581448,0
m00024,62767355,62767604,1
m00039,81314725,81314974,1
m00005,103527726,103527981,0
m00060,26115080,26115329,0
m00095,19895851,19896100,0
m00055,43722575,43722824,1
m00021,537295,537550,0
m00075,93377046,93377295,0
m00038,7975413,7975662,0
m00053,24755067,24755316,0
m00068,27401495,27401744,1
m00026,40308964,40309213,0
m00073,59609326,59609575,1
m00005,22424592,22424847,0
m00071,77151851,77152100,1
m00075,61280531,61280780,0
m00039,67047719,67047968,0
m00095,66782842,66783091,0
m00048,17611739,17611988,1
m00061,31249190,31249439,0
m00052,130429255,130429504,1
m00084,89318184,89318433,1
m00107,137109152,137109401,1
m00001,402175,402424,1
m00006,36186332,36186581,0
m00003,52960613,52960868,0
m00032,87905266,87905515,0
m00107,50191180,50191429,1
m00032,139561985,139562234,0
m00032,22428977,22429226,0
m00047,84728719,84728968,1
m00035,95962983,95963232,0
m00056,23213561,23213810,0
m00044,136003866,136004115,0
m00006,38837346,38837595,0
m00039,81850115,81850364,0
m00044,123275956,123276205,0
m00044,71332260,71332509,0
m00045,32556095,32556344,0
m00006,9353053,9353302,0
m00097,32306429,32306678,0
m00095,70858446,70858695,0
m00096,116191542,116191791,0
m00019,29779517,29779766,0
m00124,23869428,23869683,0
m00097,66813850,66814099,0
m00001,80801075,80801324,1
m00025,67426600,67426855,1
m00068,31151578,31151827,1
m00053,61608161,61608410,0
m00025,54838077,54838332,1
m00003,110673528,110673783,0
m00025,1140950,1141205,1
m00083,16164414,16164669,1
m00096,11815571,11815820,0
m00033,59598252,59598507,1
m00053,94903198,94903447,0
m00058,67905444,67905693,0
m00019,56846005,56846254,1
m00025,83153733,83153988,1
m00095,8400801,8401050,0
m00124,1165824,1166079,0
m00084,83049174,83049423,1
m00004,68980062,68980317,0
m00122,44775073,44775322,1
m00079,72493070,72493319,1
m00079,96333969,96334218,1
m00004,35786571,35786826,1
m00058,76724888,76725137,0
m00124,27707908,27708163,0
m00052,43919500,43919749,1
m00026,38968697,38968946,1
m00043,110022410,110022659,0
m00017,71799031,71799286,1
m00003,112287131,112287386,0
m00097,72615678,72615927,0
m00018,19366807,19367062,0
m00061,68076562,68076811,0
m00003,94639500,94639755,0
m00122,47755246,47755495,1
m00058,53746510,53746759,0
m00024,94493179,94493428,1
m00068,14301049,14301298,1
m00053,59841538,59841787,1
m00006,3335886,3336135,0
m00045,39479125,39479374,0
m00032,46660530,46660779,0
m00021,37858751,37859006,0
m00061,16679153,16679402,0
m00059,40936365,40936614,0
m00039,19223227,19223476,0
m00023,93274667,93274916,0
m00026,24600969,24601218,1
m00122,99510757,99511006,1
m00060,183336938,183337187,1
m00075,74200927,74201176,0
m00122,8307960,8308209,1
m00026,43369141,43369390,0
m00075,58039049,58039298,0
m00060,79676638,79676887,0
m00035,29419194,29419443,0
m00035,4093540,4093789,1
m00044,47741857,47742106,0
m00124,20561968,20562223,0
m00095,40626246,40626495,0
m00044,118332433,118332682,0
mSu,3536478,3536727,1
m00107,124260961,124261210,1
m00052,142316032,142316281,1
m00083,110395269,110395524,1
m00058,59476264,59476513,0
m00044,130588352,130588601,0
m00001,20327522,20327771,1
m00044,77760329,77760578,0
m00005,80398838,80399093,0
m00097,15190752,15191001,0
m00039,30739628,30739877,0
mSu,4108723,4108972,1
m00026,5830112,5830361,1
m00049,185874161,185874410,0
m00084,82814185,82814434,1
m00023,82379481,82379730,1
m00096,14989529,14989778,1
m00095,89578969,89579218,0
m00024,9253217,9253466,1
m00044,119581286,119581535,0
m00044,59255139,59255388,0
m00047,12407869,12408118,0
m00018,94814405,94814660,0
m00055,21361070,21361319,1
m00095,5786371,5786620,0
m00043,97378191,97378440,0
m00032,65150563,65150812,0
m00048,52702440,52702689,1
m00075,8470603,8470852,0
m00027,43722100,43722355,0
m00095,41810646,41810895,0
m00025,76403350,76403605,1
m00044,128677667,128677916,0
m00107,137521379,137521628,1
m00061,60859347,60859596,0
m00097,9040168,9040417,0
m00032,705171,705420,1
m00084,50426979,50427228,0
m00035,31263323,31263572,0
m00048,17061849,17062098,1
m00005,10382931,10383186,0
m00005,50072296,50072551,0
m00018,48255130,48255385,0
m00097,48997624,48997873,0
m00018,61989473,61989728,1
m00096,43179227,43179476,0
m00004,17987484,17987739,0
m00005,90478161,90478416,0
m00043,90102614,90102863,0
m00061,46786436,46786685,0
m00056,45239848,45240097,0
m00059,80881185,80881434,0
m00044,20241264,20241513,1
m00005,87266783,87267038,0
m00030,54584752,54585001,0
m00058,83210795,83211044,0
m00068,25889639,25889888,1
m00045,70629808,70630057,1
m00107,65455376,65455625,0
m00018,26188476,26188731,1
m00060,160380918,160381167,0
m00124,7966150,7966405,0
m00073,39252706,39252955,1
m00037,41947741,41947990,0
m00045,92411187,92411436,0
m00071,33438016,33438265,1
m00006,114632985,114633234,0
m00037,63763497,63763746,0
m00022,12449659,12449914,1
m00100,17857325,17857574,0
mSu,5832628,5832877,1
m00003,68020736,68020991,0
mSu,3449171,3449420,1
m00096,8699583,8699832,0
mSu,6227067,6227316,1
m00052,63383624,63383873,1
m00032,117030941,117031190,0
m00001,48524210,48524459,1
m00100,11136037,11136286,0
m00044,71107834,71108083,0
m00030,77329662,77329911,0
mSu,3466410,3466659,1
mSu,3076961,3077210,1
m00039,23388734,23388983,0
m00023,126008950,126009199,0
m00068,27168394,27168643,1
m00084,50868104,50868353,1
m00049,47891678,47891927,1
m00053,20293115,20293364,1
m00004,86344820,86345075,0
m00055,17686063,17686312,1
m00038,88413627,88413876,0
m00038,68563935,68564184,0
m00021,63229784,63230039,0
m00001,15525497,15525746,1
m00122,135915319,135915568,1
m00003,61676803,61677058,1
m00056,116604,116853,0
m00035,124752537,124752786,0
m00060,72393584,72393833,0
m00056,12538986,12539235,0
m00052,144218568,144218817,1
m00095,28219699,28219948,0
m00060,68438124,68438373,0
mSu,567930,568179,1
m00026,35662650,35662899,1
m00006,73731406,73731655,0
m00079,89058038,89058287,1
m00053,20725561,20725810,0
m00100,13045518,13045767,0
m00021,53659964,53660219,0
m00107,131672610,131672859,1
m00060,89094812,89095061,0
m00026,25022492,25022741,1
m00025,40819683,40819938,1
m00100,18038036,18038285,0
m00079,111597154,111597403,1
m00022,58912005,58912260,0
m00056,47065259,47065508,0
m00059,35958985,35959234,0
m00071,90541907,90542156,1
m00055,6844485,6844734,1
m00100,1093332,1093581,0
m00048,7005790,7006039,1
m00035,112121181,112121430,1
m00025,113062790,113063045,1
m00068,19393976,19394225,1
m00025,32325222,32325477,1
m00073,3351947,3352196,1
m00060,118535144,118535393,0
m00071,108217488,108217737,1
m00035,35893311,35893560,0
m00096,99852345,99852594,0
m00043,12265793,12266042,0
m00052,27528057,27528306,1
m00048,20924904,20925153,1
m00030,59104683,59104932,0
m00047,78199854,78200103,0
m00023,102608457,102608706,0
m00004,101238301,101238556,0
m00060,180781645,180781894,1
m00006,126078996,126079245,0
m00047,60818187,60818436,0
m00030,6303046,6303295,1
m00095,14389710,14389959,0
m00035,85852249,85852498,0
mSu,3491922,3492171,1
mSu,1529744,1529993,1
m00037,57288116,57288365,0
m00005,91349908,91350163,0
m00038,113875828,113876077,0
m00035,44012606,44012855,0
mSu,4847026,4847275,1
m00038,13844755,13845004,0
m00071,70573254,70573503,1
m00005,14724861,14725116,0
mSu,3353301,3353550,1
m00003,6723716,6723971,0
m00019,67546582,67546831,1
m00044,80318691,80318940,0
m00045,9618010,9618259,0
m00097,39981721,39981970,0
m00026,26118073,26118322,1
m00044,52745201,52745450,0
m00059,86682091,86682340,0
m00056,14578392,14578641,0
m00023,66448555,66448804,0
m00003,109418396,109418651,0
m00055,16392763,16393012,1
m00048,3173350,3173599,1
m00095,44097865,44098114,0
m00049,127282686,127282935,0
m00060,70970945,70971194,0
m00006,63335949,63336198,0
m00004,93288246,93288501,0
m00003,119166458,119166713,0
m00071,103809568,103809817,1
m00047,23827900,23828149,0
m00026,33360705,33360954,1
mSu,2408048,2408297,1
m00073,7396461,7396710,1
m00055,34669083,34669332,1
m00068,13395244,13395493,1
m00006,62588281,62588530,0
m00058,20690289,20690538,0
m00043,87938599,87938848,0
m00084,30615991,30616240,0
m00037,72721774,72722023,0
m00061,19806794,19807043,0
m00073,19551332,19551581,1
m00027,705180,705435,0
m00035,60270582,60270831,1
m00028,33479798,33480053,1
m00025,119743648,119743903,1
m00095,39547538,39547787,0
m00044,80911467,80911716,0
m00045,38279555,38279804,0
mSu,1240564,1240813,1
m00095,3250005,3250254,0
m00032,121581355,121581604,0
m00058,26518988,26519237,0
m00122,75666329,75666578,1
m00026,25431440,25431689,0
m00100,18249462,18249711,0
m00045,62812982,62813231,0
m00030,4499733,4499982,0
m00073,8868063,8868312,1
m00033,39758431,39758686,0
m00056,5028332,5028581,0
m00122,134388085,134388334,1
m00021,92031243,92031498,1
m00122,67602942,67603191,1
m00079,17104044,17104293,1
m00095,92985484,92985733,0
m00060,144803856,144804105,0
m00071,43434442,43434691,1
m00059,15817281,15817530,0
m00061,2607861,2608110,0
m00027,5322344,5322599,0
m00017,68780794,68781049,1
m00061,25966719,25966968,0
m00122,4798799,4799048,1
m00039,41854315,41854564,0
m00073,53438335,53438584,1
m00022,55750230,55750485,0
m00043,87144899,87145148,0
m00061,61798241,61798490,0
m00027,78334229,78334484,0
m00059,15025036,15025285,0
m00018,54283636,54283891,0
m00122,47409172,47409421,1
m00053,31813096,31813345,0
m00073,17143530,17143779,1
m00047,69143319,69143568,0
m00097,132910236,132910485,1
m00049,31127617,31127866,0
m00019,19468492,19468741,1
m00084,25270210,25270459,0
m00083,28016529,28016784,1
m00107,58847793,58848042,0
m00023,37993851,37994100,0
m00056,24393827,24394076,0
m00033,83441042,83441297,1
m00053,78137039,78137288,0
m00100,5825359,5825608,0
m00073,50651515,50651764,1
m00035,78325038,78325287,1
m00005,6592858,6593113,0
m00048,45920955,45921204,1
m00107,21843781,21844030,1
m00052,68955386,68955635,1
m00001,43732684,43732933,1
m00021,75313994,75314249,0
m00030,42985068,42985317,0
m00021,57080188,57080443,0
m00026,28750216,28750465,1
m00060,142971506,142971755,0
m00043,11303051,11303300,0
m00024,109773497,109773746,1
m00019,62431788,62432037,0
m00048,58707791,58708040,1
m00006,61438416,61438665,0
m00017,80344050,80344305,0
m00001,100522369,100522618,0
m00083,99936406,99936661,1
m00006,55485141,55485390,0
m00026,35166938,35167187,1
m00083,104204092,104204347,1
m00018,99487173,99487428,0
m00056,5028332,5028581,0
m00027,63027135,63027390,0
m00122,134388085,134388334,1
m00021,92031243,92031498,1
m00122,67602942,67603191,1
m00079,17104044,17104293,1
m00038,128531704,128531953,1
m00079,115657213,115657462,1
m00059,3300672,3300921,0
m00095,92985484,92985733,0
m00060,144803856,144804105,0
m00071,43434442,43434691,1
m00059,15817281,15817530,0
m00061,2607861,2608110,0
m00027,5322344,5322599,0
m00017,68780794,68781049,1
m00061,25966719,25966968,0
m00122,4798799,4799048,0
m00039,41854315,41854564,0
m00073,53438335,53438584,1
m00022,55750230,55750485,0
m00043,87144899,87145148,0
m00061,61798241,61798490,0
m00027,78334229,78334484,0
m00059,15025036,15025285,0
m00018,54283636,54283891,0
m00122,47409172,47409421,1
m00053,31813096,31813345,0
m00073,17143530,17143779,1
m00047,69143319,69143568,0
m00097,132910236,132910485,1
m00049,31127617,31127866,0
m00019,19468492,19468741,1
m00084,25270210,25270459,0
m00083,28016529,28016784,1
m00107,58847793,58848042,0
m00023,37993851,37994100,0
m00056,24393827,24394076,0
m00033,83441042,83441297,1
m00053,78137039,78137288,0
m00100,5825359,5825608,0
m00073,50651515,50651764,1
m00035,78325038,78325287,0
m00005,6592858,6593113,0
m00048,45920955,45921204,1
m00107,21843781,21844030,1
m00052,68955386,68955635,1
m00001,43732684,43732933,1
m00021,75313994,75314249,0
m00030,42985068,42985317,0
m00021,57080188,57080443,0
m00026,28750216,28750465,0
m00060,142971506,142971755,0
m00043,11303051,11303300,0
m00024,109773497,109773746,1
m00019,62431788,62432037,0
m00048,58707791,58708040,1
m00006,61438416,61438665,0
m00017,80344050,80344305,0
m00001,100522369,100522618,0
m00083,99936406,99936661,1
m00006,55485141,55485390,0
m00026,35166938,35167187,1
m00039,99889988,99890237,0
m00022,30029464,30029719,0
m00019,10287831,10288080,0
m00096,71809247,71809496,0
m00049,32549018,32549267,0
m00095,61930306,61930555,1
m00033,51546711,51546966,1
m00037,6248866,6249115,0
m00025,15765943,15766198,1
m00022,27314620,27314875,0
m00038,6970628,6970877,0
m00097,130900687,130900936,1
m00045,69411755,69412004,0
m00052,8782948,8783197,1
m00025,45147841,45148096,1
m00083,1773301,1773556,1
m00004,21355047,21355302,0
m00058,114654145,114654394,0
m00058,70656064,70656313,0
m00049,66536342,66536591,0
m00071,20925152,20925401,1
m00060,35069861,35070110,0
m00035,86297390,86297639,0
m00075,9906201,9906450,0
m00107,130430184,130430433,0
m00045,61836716,61836965,0
m00043,41306950,41307199,0
m00047,50519028,50519277,0
m00083,91439132,91439387,1
m00058,59325200,59325449,0
m00083,61297835,61298090,1
m00033,94304803,94305058,1
m00096,68149107,68149356,0
m00056,30256628,30256877,0
m00023,45584155,45584404,0
m00044,33008287,33008536,0
m00084,19355698,19355947,0
m00024,20518320,20518569,1
m00024,52367031,52367280,1
m00030,75096602,75096851,0
m00039,20273713,20273962,0
m00100,19964097,19964346,0
m00039,12189894,12190143,0
m00026,17965856,17966105,1
m00053,37271110,37271359,0
m00055,57262246,57262495,1
m00024,14113450,14113699,1
m00028,36693204,36693459,0
m00039,55708116,55708365,0
m00006,36429884,36430133,0
m00079,3523425,3523674,1
m00107,122799650,122799899,1
m00045,82076876,82077125,0
m00025,58658915,58659170,1
m00124,20242224,20242479,0
m00048,13650112,13650361,1
m00045,88536952,88537201,0
m00060,75583408,75583657,0
m00035,136280827,136281076,0
m00003,110540269,110540524,0
m00100,16223881,16224130,0
m00017,21874134,21874389,1
m00032,110374174,110374423,0
m00019,54524978,54525227,1
m00017,54606521,54606776,0
m00045,110525689,110525938,0
m00068,46347085,46347334,1
m00097,46299248,46299497,0
m00061,16198770,16199019,0
m00003,92920608,92920863,0
m00047,47467871,47468120,0
m00100,12427578,12427827,1
m00056,44295580,44295829,0
m00079,69518508,69518757,1
m00022,27312285,27312540,0
m00097,3974029,3974278,1
m00045,23825155,23825404,0
m00124,26382879,26383134,0
m00047,46594169,46594418,0
m00005,83324001,83324256,0
m00004,9029208,9029463,1
m00048,5701971,5702220,1
m00083,94052356,94052611,1
m00068,7686855,7687104,1
m00059,47914516,47914765,0
m00124,24024805,24025060,0
m00079,54701433,54701682,1
m00039,90529742,90529991,0
m00006,18483407,18483656,0
m00022,44500987,44501242,0
m00084,79834539,79834788,1
m00005,48782240,48782495,0
m00048,24565051,24565300,1
m00059,58020047,58020296,0
m00028,49685063,49685318,1
m00001,127653658,127653907,1
m00021,10072534,10072789,0
m00035,27329169,27329418,0
m00045,48165343,48165592,0
m00122,128182388,128182637,1
m00004,93237841,93238096,0
m00026,18586291,18586540,1
m00049,211680925,211681174,0
m00038,137980149,137980398,0
m00028,80698937,80699192,0
m00059,49811435,49811684,0
m00061,54579422,54579671,0
m00022,14572916,14573171,1
mSu,1155854,1156103,1
m00003,70083408,70083663,0
m00096,82891983,82892232,0
m00022,41994349,41994604,0
m00043,132357417,132357666,0
m00021,81120503,81120758,0
m00058,58958991,58959240,0
m00022,48748504,48748759,0
m00045,17112477,17112726,0
m00053,32150775,32151024,0
m00037,47946934,47947183,0
m00026,12767090,12767339,1
m00056,13673419,13673668,0
m00083,113047428,113047683,1
m00068,17636421,17636670,1
m00053,15319161,15319410,0
m00100,17924620,17924869,0
m00083,29995576,29995831,1
m00053,3201112,3201361,0
m00039,34303318,34303567,0
m00021,16951587,16951842,0
m00038,13227056,13227305,0
m00055,37916033,37916282,1
m00061,57311077,57311326,0
m00058,5266604,5266853,0
m00005,39049692,39049947,0
m00048,38570575,38570824,1
m00017,51031750,51032005,1
m00075,51702214,51702463,0
m00006,36983533,36983782,0
m00019,21244834,21245083,0
m00039,57823424,57823673,0
m00043,118029317,118029566,0
m00047,93330091,93330340,0
m00058,150061417,150061666,1
m00025,86434399,86434654,1
m00028,77327540,77327795,0
m00061,5568791,5569040,0
m00026,9848560,9848809,0
m00059,78015096,78015345,0
m00032,126740538,126740787,0
m00060,1284533,1284782,0
m00055,31140750,31140999,1
m00100,24704,24953,0
m00044,60770118,60770367,0
m00043,103843395,103843644,0
m00030,63821450,63821699,0
m00044,5122650,5122899,0
m00022,82157624,82157879,0
m00044,21871677,21871926,0
m00032,98627948,98628197,0
m00022,84055002,84055257,0
m00025,117281610,117281865,1
